2 0.528653 0.712005 0.038631 0.064175
2 0.544560 0.658794 0.028312 0.037804
2 0.270763 0.645694 0.042907 0.064230
2 0.605940 0.498503 0.031105 0.050034
2 0.478064 0.317016 0.024578 0.042336
2 0.473917 0.282549 0.033386 0.040685
6 0.334707 0.648374 0.020101 0.033100
2 0.504820 0.764475 0.027455 0.035523
2 0.544860 0.765916 0.026460 0.034524
2 0.571601 0.593025 0.025544 0.031760
6 0.538873 0.601748 0.020357 0.024746
6 0.533713 0.529593 0.021269 0.025259
6 0.529650 0.556504 0.019417 0.022466
2 0.566412 0.520156 0.022239 0.029081
2 0.424040 0.527825 0.022579 0.032617
6 0.452961 0.476552 0.021638 0.027283
2 0.293526 0.723622 0.024461 0.040084
2 0.312128 0.632964 0.023007 0.037006
3 0.449698 0.659193 0.020697 0.020357
3 0.576818 0.674916 0.018816 0.018505
6 0.560538 0.467585 0.016934 0.020697
2 0.596461 0.442127 0.018816 0.021668
2 0.606923 0.419819 0.018589 0.021126
6 0.641404 0.401673 0.017363 0.024120
2 0.673805 0.392622 0.018761 0.028026
6 0.669845 0.320309 0.016929 0.024461
2 0.484036 0.359352 0.019757 0.025401
5 0.252602 0.737421 0.031046 0.036494
6 0.402372 0.767042 0.019958 0.024746
3 0.420533 0.727514 0.019673 0.017249
3 0.450653 0.735454 0.018845 0.016422
6 0.558242 0.311842 0.018577 0.022579
2 0.650714 0.460002 0.023835 0.034839
6 0.480202 0.593609 0.022352 0.021638
6 0.438664 0.696810 0.019160 0.023293
3 0.350358 0.750250 0.020786 0.026342
3 0.411753 0.613836 0.019441 0.022579
2 0.389487 0.592311 0.026342 0.039513
3 0.344130 0.689013 0.017048 0.020870
3 0.400306 0.643613 0.017136 0.020042
2 0.508027 0.664025 0.022579 0.028879
3 0.209326 0.711634 0.019757 0.019929
3 0.491861 0.714143 0.020697 0.018220
3 0.459903 0.712220 0.018077 0.015910
