0 0.491986 0.422616 0.070885 0.136857
3 0.401845 0.457778 0.057248 0.089110
3 0.440928 0.789352 0.067812 0.107512
3 0.545369 0.724102 0.072695 0.110193
3 0.553890 0.869903 0.066034 0.120907
3 0.616391 0.365702 0.056474 0.075758
3 0.818182 0.294766 0.060606 0.077135
3 0.788442 0.209315 0.059229 0.068871
3 0.768939 0.126685 0.056474 0.065940
3 0.556316 0.183804 0.059103 0.069872
6 0.545187 0.048209 0.066651 0.096419
6 0.450322 0.185051 0.057669 0.115816
3 0.367769 0.235537 0.055096 0.107438
3 0.405203 0.572375 0.057066 0.091922
3 0.509319 0.581693 0.058443 0.101928
3 0.331865 0.080129 0.049405 0.077727
4 0.221101 0.618130 0.077135 0.041322
